T0/T =  0.21951219512195122
Kp =  29.520000000000408
Ti =  0.5405405405405406
Td =  0.10810810810810811